TLS 1.3_hybrid runs=16 success_rate=1.00
  CLIENT METRICS:
    handshake_time_ms: 15.741225 +- 0.704313
    end_to_end_transfer_time_ms: 458.687188 +- 16.626271
    throughput_bytes_per_sec: 228888636.082651 +- 8390478.255605
  SERVER METRICS:
    handshake_time_ms: 109.902525 +- 1.239723
    transfer_duration_ms: 466.919981 +- 16.829090
    throughput_bytes_per_sec: 224849786.321040 +- 8199001.228915
