TLS 1.3_hybrid runs=16 success_rate=1.00
  CLIENT METRICS:
    handshake_time_ms: 15.321863 +- 0.365762
    ping_rtt_ms: 0.509481 +- 0.063582
    end_to_end_transfer_time_ms: 0.200875 +- 0.029361
    throughput_bytes_per_sec: 5194656.657355 +- 717048.561787
  SERVER METRICS:
    handshake_time_ms: 108.582088 +- 1.676814
    transfer_duration_ms: 0.212700 +- 0.024143
    throughput_bytes_per_sec: 4869729.144573 +- 528580.833806
