TLS 1.3 runs=16 success_rate=1.00
  CLIENT METRICS:
    handshake_time_ms: 4.987569 +- 0.369927
    end_to_end_transfer_time_ms: 1263.349944 +- 52.360622
    throughput_bytes_per_sec: 415625229.499294 +- 16148120.002340
  SERVER METRICS:
    handshake_time_ms: 8.411313 +- 0.536452
    transfer_duration_ms: 1305.422881 +- 53.466597
    throughput_bytes_per_sec: 402215750.433540 +- 15445322.457142
