TLS 1.3 runs=16 success_rate=1.00
  CLIENT METRICS:
    handshake_time_ms: 4.873894 +- 0.338328
    end_to_end_transfer_time_ms: 0.103269 +- 0.004427
    throughput_bytes_per_sec: 9933016.487790 +- 426793.627500
  SERVER METRICS:
    handshake_time_ms: 8.133494 +- 0.334218
    transfer_duration_ms: 0.103944 +- 0.005601
    throughput_bytes_per_sec: 9878438.683172 +- 534796.453654
