TLS 1.3 runs=16 success_rate=1.00
  CLIENT METRICS:
    handshake_time_ms: 4.941069 +- 0.341599
    end_to_end_transfer_time_ms: 0.099575 +- 0.008027
    throughput_bytes_per_sec: 10352077.713891 +- 909595.352634
  SERVER METRICS:
    handshake_time_ms: 8.176481 +- 0.364114
    transfer_duration_ms: 0.099931 +- 0.007946
    throughput_bytes_per_sec: 10312555.863277 +- 883720.665139
