TLS 1.3 runs=16 success_rate=1.00
  CLIENT METRICS:
    handshake_time_ms: 4.798619 +- 0.224133
    end_to_end_transfer_time_ms: 0.101506 +- 0.009206
    throughput_bytes_per_sec: 10157816.067462 +- 826847.596991
  SERVER METRICS:
    handshake_time_ms: 8.039787 +- 0.281230
    transfer_duration_ms: 0.103506 +- 0.013380
    throughput_bytes_per_sec: 10015389.453485 +- 1022960.846242
