TLS 1.3 runs=16 success_rate=1.00
  CLIENT METRICS:
    handshake_time_ms: 4.997375 +- 0.321086
    end_to_end_transfer_time_ms: 0.105494 +- 0.026975
    throughput_bytes_per_sec: 10068809.039015 +- 1566429.716282
  SERVER METRICS:
    handshake_time_ms: 8.301669 +- 0.391000
    transfer_duration_ms: 0.106937 +- 0.020045
    throughput_bytes_per_sec: 9830789.032784 +- 1494891.407910
