TLS 1.3 runs=16 success_rate=1.00
  CLIENT METRICS:
    handshake_time_ms: 4.892294 +- 0.372359
    end_to_end_transfer_time_ms: 2.958150 +- 0.263504
    throughput_bytes_per_sec: 357153715.150657 +- 32237133.396961
  SERVER METRICS:
    handshake_time_ms: 8.199737 +- 0.531577
    transfer_duration_ms: 2.902125 +- 0.228779
    throughput_bytes_per_sec: 363452718.813666 +- 29060442.277280
