TLS 1.3 runs=16 success_rate=1.00
  CLIENT METRICS:
    handshake_time_ms: 4.959413 +- 0.381767
    end_to_end_transfer_time_ms: 2.945038 +- 0.409965
    throughput_bytes_per_sec: 363459692.533596 +- 57232121.098537
  SERVER METRICS:
    handshake_time_ms: 8.230525 +- 0.421132
    transfer_duration_ms: 2.881506 +- 0.284668
    throughput_bytes_per_sec: 367466001.581993 +- 38820118.837566
