TLS 1.3 runs=16 success_rate=1.00
  CLIENT METRICS:
    handshake_time_ms: 5.269587 +- 0.225913
    end_to_end_transfer_time_ms: 2.794113 +- 0.260334
    throughput_bytes_per_sec: 378511278.165711 +- 37114780.297986
  SERVER METRICS:
    handshake_time_ms: 8.620831 +- 0.282604
    transfer_duration_ms: 2.877444 +- 0.228502
    throughput_bytes_per_sec: 366563840.186029 +- 29016245.677390
