TLS 1.3 runs=16 success_rate=1.00
  CLIENT METRICS:
    handshake_time_ms: 4.971531 +- 0.383930
    end_to_end_transfer_time_ms: 2.749631 +- 0.323610
    throughput_bytes_per_sec: 386433323.686239 +- 46261330.251968
  SERVER METRICS:
    handshake_time_ms: 8.297675 +- 0.546419
    transfer_duration_ms: 2.788619 +- 0.225201
    throughput_bytes_per_sec: 378352334.874377 +- 30867233.067472
