TLS 1.3_hybrid runs=32 success_rate=1.00
  CLIENT METRICS:
    handshake_time_ms: 27.108672 +- 1.654625
    rtt_ms: 0.983009 +- 0.122746
    end_to_end_transfer_time_ms: 10.287475 +- 1.691504
    throughput_bytes_per_sec: 103860389.537149 +- 12262881.766741
  SERVER METRICS:
    handshake_time_ms: 203.066516 +- 6.953037
    transfer_duration_ms: 10.526478 +- 1.698244
    throughput_bytes_per_sec: 101429972.739722 +- 11749904.059787
