TLS 1.3 runs=16 success_rate=1.00
  CLIENT METRICS:
    handshake_time_ms: 5.064256 +- 0.279964
    end_to_end_transfer_time_ms: 219.178787 +- 5.746106
    throughput_bytes_per_sec: 478707768.201434 +- 12069630.251693
  SERVER METRICS:
    handshake_time_ms: 8.360031 +- 0.305558
    transfer_duration_ms: 227.456225 +- 5.735885
    throughput_bytes_per_sec: 461265949.095870 +- 11202008.207957
