TLS 1.3 runs=16 success_rate=1.00
  CLIENT METRICS:
    handshake_time_ms: 5.091500 +- 0.304320
    end_to_end_transfer_time_ms: 219.512519 +- 2.383250
    throughput_bytes_per_sec: 477736868.458773 +- 5202867.237217
  SERVER METRICS:
    handshake_time_ms: 8.429469 +- 0.368518
    transfer_duration_ms: 227.754800 +- 2.436476
    throughput_bytes_per_sec: 460446366.487994 +- 4934500.683044
