TLS 1.3 runs=16 success_rate=1.00
  CLIENT METRICS:
    handshake_time_ms: 4.955900 +- 0.268409
    end_to_end_transfer_time_ms: 225.028644 +- 9.715945
    throughput_bytes_per_sec: 466723851.198379 +- 18533861.638173
  SERVER METRICS:
    handshake_time_ms: 8.268200 +- 0.376547
    transfer_duration_ms: 233.340344 +- 9.825125
    throughput_bytes_per_sec: 450064889.546976 +- 17463761.532764
