TLS 1.3 runs=16 success_rate=1.00
  CLIENT METRICS:
    handshake_time_ms: 4.891694 +- 0.639001
    end_to_end_transfer_time_ms: 3807.158975 +- 125.987492
    throughput_bytes_per_sec: 282309939.303940 +- 8951603.166922
  SERVER METRICS:
    handshake_time_ms: 8.533138 +- 1.024341
    transfer_duration_ms: 3893.781800 +- 131.311902
    throughput_bytes_per_sec: 276039434.630775 +- 8901761.525671
