TLS 1.3 runs=16 success_rate=1.00
  CLIENT METRICS:
    handshake_time_ms: 4.973950 +- 0.384418
    end_to_end_transfer_time_ms: 3003.739738 +- 26.701437
    throughput_bytes_per_sec: 357494473.787119 +- 3137366.441036
  SERVER METRICS:
    handshake_time_ms: 8.244925 +- 0.367083
    transfer_duration_ms: 3088.020287 +- 26.167940
    throughput_bytes_per_sec: 347735151.336201 +- 2909651.148240
