TLS 1.3_hybrid runs=16 success_rate=1.00
  CLIENT METRICS:
    handshake_time_ms: 15.657406 +- 0.622960
    end_to_end_transfer_time_ms: 5498.921338 +- 97.248751
    throughput_bytes_per_sec: 195321696.969737 +- 3475695.730277
  SERVER METRICS:
    handshake_time_ms: 110.578825 +- 2.691001
    transfer_duration_ms: 5583.816431 +- 97.584817
    throughput_bytes_per_sec: 192350722.648734 +- 3381470.886565
